function u = input_fun(t)

Cmatrix =[ 1  1   1   1; 
           4  5   6   7; 
          12 20  30  42;
          24 60 120 210];

c = (Cmatrix^-1) * [1; 0; 0; 0];

u = 24*c(1) + 120*c(2)*t + 360*c(3)*t.^2 + 840*c(4)*t.^3;

